0.00422632 0.331474 0.164972
0.457575 0.000285189 0.0427721
0.0504058 0.249936 0.200261
0.041534 0.0409772 0.418915
0.00191753 0.167604 0.331204
0.209291 0.290698 0.000534111
0.333692 5.93511e-06 0.166957
0.000333903 0.292254 0.208007
0.168239 0.289773 0.0430698
0.0838008 0.125142 0.291916
0.0769607 0.382155 0.0425063
0.417174 5.99088e-05 0.0835457
0.0882644 0.248337 0.163917
0.20926 0.0850238 0.206428
0.207375 0.126113 0.167214
0.457721 0.0428332 2.69733e-05
0.250559 6.42689e-05 0.250091
0.330331 0.0466815 0.123477
0.0419072 0.416263 0.0427517
0.042765 0.206168 0.252352
0.422747 0.0403219 0.0375734
0.32939 0.164957 0.00620988
0.208474 0.165982 0.126293
0.253899 0.0363627 0.210618
1.19579e-07 0.501156 4.68155e-08
0.0388761 0.37664 0.0852395
0.042832 0.167925 0.289914
1.95747e-10 2.22016e-09 0.500636
0.0830462 0.417333 0.000406969
0.124992 0.0855011 0.29012
3.31963e-08 0.45769 0.0436565
0.170221 0.206949 0.123575
0.167322 0.0838215 0.249504
0.00252308 0.207265 0.290825
0.243543 0.173716 0.0833843
0.418467 0.0824452 0.00112508
0.0812381 0.170041 0.249639
0.29241 0.000562673 0.207644
0.0438572 0.00250673 0.454408
0.288928 0.126876 0.0848476
0.0428311 0.458019 1.48573e-05
0.337276 0.0847883 0.0789144
0.293575 0.167639 0.039448
0.290997 0.0844928 0.125152
0.16335 0.0473498 0.289932
0.208079 0.209153 0.0833789
0.0841175 0.00232876 0.414111
0.249609 0.249897 0.000999771
0.125561 1.27094e-05 0.374968
0.121778 0.133303 0.245746
0.2041 0.0498429 0.24673
0.000562334 0.0823911 0.417997
0.170054 0.247619 0.0837304
0.290499 0.208599 0.0014966
0.000129737 0.376143 0.124305
0.243922 0.0922666 0.164333
0.250264 0.125261 0.125055
0.0487158 0.329032 0.122839
0.0402528 0.0844518 0.376388
0.123998 0.168064 0.209096
0.210361 0.2521 0.0393683
0.50063 4.45472e-07 7.70709e-06
0.167502 0.126011 0.208027
0.133357 0.366665 0.000539253
0.166965 0.333726 3.96482e-05
0.12572 0.0438612 0.331321
0.0914411 0.323972 0.0856252
9.96392e-08 0.417589 0.0836166
0.125741 0.24973 0.125146
0.0361103 0.29856 0.167337
0.208019 0.00208912 0.290613
0.168766 0.166781 0.165085
0.0008581 0.125387 0.374893
0.123279 0.210991 0.16633
0.0453634 0.124102 0.332562
0.331434 0.12573 0.0436063
0.249382 0.207778 0.0436058
0.369689 0.0476133 0.0832158
0.380271 0.0836456 0.0372089
0.0830394 0.042601 0.375055
0.0054756 0.0441897 0.450882
0.167393 0.00212812 0.331203
0.00316299 0.248076 0.249311
0.125039 0.291504 0.0842176
0.0833169 0.292617 0.125131
0.376139 8.29196e-05 0.124815
0.0800418 0.210497 0.210842
0.0807708 0.089004 0.330839
0.29152 0.0421674 0.166952
0.374792 0.126096 0.000961149
0.122938 0.337065 0.0406329
0.034034 0.164077 0.302856

